0.86900
0.90400
0.93000
0.94500
0.95300
0.96000
0.96500
0.96700
0.96800
0.97000
0.97100
0.97300
0.97400
0.97400
0.97400
0.97600
0.97500
0.97700
0.97600
0.97800
0.98100
0.98100
0.98200
0.98300
0.98500
0.98500
0.98500
0.98500
0.98400
0.98400
0.98300
0.98400
0.98400
0.98400
0.98300
0.98300
0.98300
0.98300
0.98300
0.98300
0.98300
0.98300
0.98300
0.98300
0.98300
0.98300
0.98300
0.98300
0.98300
0.98400
0.98300
0.98500
0.98500
0.98400
0.98400
0.98500
0.98400
0.98400
0.98400
0.98400
0.98400
0.98400
0.98500
0.98500
0.98500
0.98500
0.98500
0.98500
0.98500
0.98500
0.98500
0.98600
0.98500
0.98600
0.98500
0.98500
0.98500
0.98500
0.98400
0.98300
0.98400
0.98300
0.98400
0.98400
0.98400
0.98300
0.98400
0.98400
0.98300
0.98300
0.98300
0.98400
0.98300
0.98400
0.98300
0.98300
0.98300
0.98300
0.98400
0.98200
0.98200
0.98200
0.98200
0.98200
0.98200
0.98300
0.98200
0.98200
0.98200
0.98200
0.98200
0.98200
0.98200
0.98200
0.98300
0.98200
0.98300
0.98200
0.98300
0.98300
0.98400
0.98400
0.98400
0.98400
0.98400
0.98500
0.98500
0.98500
0.98500
0.98500
0.98500
0.98500
0.98500
0.98500
0.98500
0.98500
0.98500
0.98500
0.98500
0.98500
0.98500
0.98500
0.98500
0.98500
0.98500
0.98500
0.98400
0.98500
0.98400
0.98400
0.98400
0.98400
0.98400
0.98400
0.98400
0.98400
0.98400
0.98400
0.98400
0.98400
0.98400
0.98400
0.98400
0.98400
0.98400
0.98400
0.98400
0.98400
0.98400
0.98400
0.98400
0.98400
0.98400
0.98400
0.98400
0.98400
0.98400
0.98400
0.98400
0.98400
0.98400
0.98400
0.98400
0.98400
0.98400
0.98400
0.98400
0.98500
0.98400
0.98400
0.98500
0.98500
0.98500
0.98500
0.98500
0.98500
0.98500
0.98500
0.98500
0.98500
0.98500
0.98500
0.98500
0.98500
0.98500
0.98500
0.98500
0.98500
0.98500
0.98500
0.98500
0.98500
0.98500
0.98500
0.98500
0.98500
0.98500
0.98500
0.98500
0.98500
0.98500
0.98500
0.98500
0.98500
0.98500
0.98500
0.98500
0.98500
0.98500
0.98500
0.98500
0.98500
0.98500
0.98500
0.98500
0.98500
0.98500
0.98500
0.98500
0.98500
0.98500
0.98500
0.98500
0.98500
0.98500
0.98500
0.98500
0.98500
0.98500
0.98500
