0.89210
0.92640
0.94280
0.95310
0.96010
0.96390
0.96810
0.97030
0.97220
0.97340
0.97380
0.97500
0.97520
0.97630
0.97690
0.97750
0.97860
0.97910
0.97990
0.98010
0.98060
0.98090
0.98080
0.98140
0.98150
0.98140
0.98180
0.98230
0.98230
0.98220
0.98210
0.98220
0.98230
0.98240
0.98250
0.98260
0.98260
0.98280
0.98300
0.98300
0.98300
0.98320
0.98340
0.98340
0.98340
0.98310
0.98310
0.98340
0.98350
0.98340
0.98360
0.98350
0.98370
0.98380
0.98340
0.98330
0.98340
0.98350
0.98350
0.98330
0.98350
0.98370
0.98330
0.98300
0.98310
0.98340
0.98350
0.98320
0.98360
0.98350
0.98360
0.98350
0.98390
0.98400
0.98390
0.98380
0.98400
0.98390
0.98430
0.98430
0.98440
0.98470
0.98450
0.98450
0.98490
0.98480
0.98460
0.98440
0.98500
0.98490
0.98490
0.98510
0.98500
0.98520
0.98520
0.98560
0.98510
0.98550
0.98520
0.98510
0.98540
0.98540
0.98540
0.98550
0.98520
0.98520
0.98530
0.98500
0.98510
0.98510
0.98490
0.98500
0.98490
0.98510
0.98530
0.98500
0.98520
0.98520
0.98500
0.98530
0.98520
0.98530
0.98480
0.98510
0.98500
0.98530
0.98490
0.98530
0.98500
0.98530
0.98490
0.98520
0.98530
0.98510
0.98520
0.98500
0.98520
0.98540
0.98510
0.98530
0.98520
0.98530
0.98530
0.98540
0.98570
0.98560
0.98540
0.98560
0.98540
0.98560
0.98550
0.98550
0.98550
0.98580
0.98580
0.98570
0.98560
0.98570
0.98590
0.98610
0.98600
0.98600
0.98600
0.98630
0.98630
0.98640
0.98620
0.98640
0.98630
0.98640
0.98640
0.98640
0.98660
0.98660
0.98650
0.98650
0.98650
0.98660
0.98660
0.98660
0.98660
0.98670
0.98670
0.98670
0.98680
0.98680
0.98680
0.98680
0.98680
0.98680
0.98680
0.98680
0.98680
0.98680
0.98680
0.98680
0.98660
0.98670
0.98650
0.98660
0.98650
0.98660
0.98640
0.98650
0.98660
0.98650
0.98650
0.98660
0.98660
0.98660
0.98660
0.98660
0.98650
0.98660
0.98640
0.98660
0.98650
0.98660
0.98660
0.98650
0.98650
0.98660
0.98670
0.98660
0.98670
0.98670
0.98650
0.98660
0.98670
0.98670
0.98670
0.98670
0.98680
0.98680
0.98680
0.98670
0.98690
0.98680
0.98700
0.98690
0.98700
0.98700
0.98690
0.98700
0.98700
0.98690
0.98690
0.98710
0.98710
0.98690
