0.12480
0.31670
0.49750
0.70900
0.81190
0.85520
0.87700
0.89100
0.89950
0.90450
0.90870
0.91180
0.91560
0.91900
0.92090
0.92320
0.92520
0.92680
0.92840
0.92990
0.93160
0.93310
0.93480
0.93550
0.93610
0.93770
0.93940
0.94130
0.94270
0.94380
0.94500
0.94610
0.94750
0.94830
0.94980
0.95050
0.95140
0.95220
0.95300
0.95350
0.95410
0.95490
0.95590
0.95610
0.95680
0.95740
0.95830
0.95890
0.96000
0.96070
0.96080
0.96150
0.96220
0.96270
0.96370
0.96410
0.96480
0.96500
0.96520
0.96550
0.96580
0.96590
0.96650
0.96680
0.96710
0.96730
0.96760
0.96790
0.96840
0.96850
0.96860
0.96920
0.96960
0.96980
0.97000
0.97010
0.97030
0.97060
0.97070
0.97060
0.97090
0.97110
0.97170
0.97190
0.97200
0.97220
0.97240
0.97260
0.97300
0.97330
0.97330
0.97340
0.97350
0.97390
0.97420
0.97400
0.97420
0.97450
0.97460
0.97470
0.97520
0.97530
0.97520
0.97540
0.97560
0.97570
0.97570
0.97570
0.97560
0.97570
0.97560
0.97590
0.97580
0.97590
0.97600
0.97610
0.97630
0.97630
0.97630
0.97640
0.97660
0.97660
0.97660
0.97660
0.97670
0.97670
0.97680
0.97700
0.97700
0.97700
0.97720
0.97730
0.97730
0.97730
0.97730
0.97760
0.97760
0.97760
0.97780
0.97790
0.97820
0.97830
0.97850
0.97830
0.97850
0.97850
0.97870
0.97870
0.97880
0.97880
0.97880
0.97880
0.97890
0.97910
0.97910
0.97910
0.97920
0.97940
0.97950
0.97950
0.97950
0.97980
0.97970
0.97990
0.97970
0.97980
0.97980
0.97980
0.98000
0.98000
0.98000
0.98010
0.98020
0.98040
0.98040
0.98050
0.98060
0.98060
0.98060
0.98050
0.98060
0.98070
0.98080
0.98090
0.98090
0.98090
0.98100
0.98100
0.98090
0.98090
0.98090
0.98090
0.98090
0.98090
0.98090
0.98090
0.98100
0.98110
0.98110
0.98110
0.98120
0.98140
0.98130
0.98150
0.98150
0.98160
0.98170
0.98170
0.98170
0.98160
0.98170
0.98160
0.98160
0.98160
0.98170
0.98160
0.98190
0.98190
0.98200
0.98200
0.98210
0.98220
0.98210
0.98220
0.98240
0.98230
0.98250
0.98250
0.98260
0.98260
0.98270
0.98270
0.98270
0.98280
0.98280
0.98280
0.98290
0.98290
0.98320
0.98320
0.98330
0.98330
0.98350
0.98340
0.98360
0.98360
0.98360
0.98360
0.98370
0.98350
0.98350
0.98350
0.98350
0.98360
0.98360
0.98360
0.98360
0.98360
0.98360
0.98360
0.98360
0.98360
0.98360
0.98360
0.98370
0.98360
0.98380
0.98380
0.98380
0.98380
0.98380
0.98370
0.98380
0.98370
0.98380
0.98370
0.98370
0.98360
0.98360
0.98350
0.98380
0.98360
0.98360
0.98350
0.98360
0.98360
0.98340
0.98350
0.98350
0.98340
0.98360
0.98360
0.98360
0.98370
0.98360
0.98370
0.98360
0.98390
0.98380
0.98380
0.98390
0.98380
0.98380
0.98390
0.98380
0.98380
0.98400
0.98380
0.98400
0.98400
0.98410
0.98410
0.98420
0.98400
0.98430
0.98410
0.98420
0.98430
0.98410
0.98430
0.98430
0.98420
0.98420
0.98420
0.98420
0.98420
0.98410
0.98410
0.98440
0.98430
0.98430
0.98440
0.98440
0.98440
0.98450
0.98450
0.98450
0.98450
0.98450
0.98450
0.98440
0.98430
0.98430
0.98440
0.98440
0.98430
0.98420
0.98430
0.98430
0.98430
0.98430
0.98430
0.98430
0.98430
0.98430
0.98420
0.98430
0.98420
0.98420
0.98420
0.98430
0.98410
0.98430
0.98430
0.98420
0.98420
0.98430
0.98420
0.98410
0.98420
0.98420
0.98420
0.98420
0.98420
0.98410
0.98420
0.98430
0.98410
0.98420
0.98430
0.98410
0.98420
0.98410
0.98410
0.98430
0.98430
0.98440
0.98430
0.98450
0.98430
0.98430
0.98430
0.98440
0.98430
0.98440
0.98430
0.98440
0.98430
0.98450
0.98440
0.98450
0.98440
0.98450
0.98430
0.98460
0.98430
0.98470
0.98450
0.98440
0.98460
0.98440
0.98460
0.98440
0.98440
0.98450
0.98460
0.98450
0.98460
0.98470
0.98460
0.98460
0.98480
0.98460
0.98450
0.98470
0.98470
0.98480
0.98470
0.98450
0.98480
0.98450
0.98470
0.98460
0.98450
0.98490
0.98460
0.98480
0.98460
0.98470
0.98470
0.98470
0.98480
0.98450
0.98470
0.98470
0.98460
0.98470
0.98460
0.98460
0.98480
0.98460
0.98470
0.98470
0.98450
0.98480
0.98460
0.98460
0.98470
0.98460
0.98450
0.98460
0.98460
0.98480
0.98480
0.98450
0.98460
0.98450
0.98460
0.98480
0.98460
0.98450
0.98460
0.98460
0.98460
0.98450
0.98460
0.98450
0.98450
0.98480
0.98450
0.98460
0.98450
0.98480
0.98450
0.98460
0.98460
0.98480
0.98460
0.98490
0.98470
0.98480
0.98450
0.98460
0.98460
0.98470
0.98460
0.98470
0.98490
0.98480
0.98470
0.98470
0.98460
0.98470
0.98480
0.98460
0.98480
0.98470
0.98480
0.98470
0.98490
0.98490
0.98480
0.98490
0.98490
0.98480
0.98490
0.98500
0.98480
0.98490
0.98480
0.98500
0.98490
0.98500
0.98500
0.98500
0.98500
0.98500
0.98500
0.98500
0.98490
0.98500
0.98500
0.98490
0.98500
0.98490
0.98500
0.98500
0.98500
0.98500
0.98490
0.98490
0.98500
0.98490
0.98490
0.98490
0.98500
0.98490
0.98490
0.98490
0.98490
0.98490
0.98500
0.98500
0.98500
0.98490
0.98500
0.98500
0.98500
0.98500
0.98490
0.98490
0.98490
0.98500
0.98490
0.98500
0.98500
0.98490
0.98500
0.98510
0.98500
0.98500
0.98510
0.98500
0.98510
0.98500
0.98510
0.98500
0.98510
0.98500
0.98500
0.98500
0.98490
0.98480
0.98490
0.98480
0.98480
0.98470
0.98470
0.98480
0.98480
0.98470
0.98470
0.98470
0.98480
0.98480
0.98480
0.98480
0.98480
0.98480
0.98480
0.98480
0.98470
0.98480
0.98470
0.98470
0.98470
0.98470
0.98470
0.98470
0.98470
0.98470
0.98470
0.98470
0.98470
0.98470
0.98470
0.98480
0.98470
0.98470
0.98470
0.98460
0.98460
0.98470
0.98470
0.98460
0.98470
0.98470
0.98470
0.98470
0.98470
0.98470
0.98470
0.98470
0.98470
0.98470
0.98470
0.98480
0.98470
0.98460
0.98470
0.98480
0.98480
0.98460
0.98460
0.98470
0.98470
0.98470
0.98480
0.98470
0.98470
0.98480
0.98470
0.98490
0.98480
0.98470
0.98480
0.98480
0.98480
0.98490
0.98480
0.98490
0.98490
0.98480
0.98480
0.98480
0.98480
0.98490
0.98480
0.98480
0.98490
0.98490
0.98480
0.98490
0.98490
0.98490
0.98490
0.98500
0.98490
0.98490
0.98470
0.98490
0.98480
0.98500
0.98490
0.98490
0.98490
0.98490
0.98490
0.98490
0.98490
0.98490
0.98500
0.98500
0.98500
0.98480
0.98510
0.98510
0.98500
0.98500
0.98490
0.98490
0.98490
0.98500
0.98510
0.98510
0.98500
0.98500
0.98510
0.98500
0.98500
0.98510
0.98500
0.98500
0.98510
0.98490
0.98500
0.98500
0.98500
0.98500
0.98500
0.98500
0.98500
0.98500
0.98490
0.98490
0.98500
0.98490
0.98500
0.98510
0.98490
0.98490
0.98500
0.98490
0.98490
0.98500
0.98510
0.98500
0.98500
0.98500
0.98500
0.98500
0.98500
0.98490
0.98500
0.98500
0.98500
0.98500
0.98500
0.98500
0.98500
0.98500
0.98500
0.98500
0.98500
0.98500
0.98500
0.98500
0.98500
0.98500
0.98490
0.98490
0.98490
0.98490
0.98490
0.98490
0.98490
0.98490
0.98490
0.98490
0.98490
0.98490
0.98480
0.98500
0.98490
0.98500
0.98500
0.98500
0.98490
0.98500
0.98500
0.98500
0.98490
0.98500
0.98490
0.98490
0.98480
0.98490
0.98480
0.98480
0.98490
0.98490
0.98480
0.98480
0.98470
0.98470
0.98480
0.98470
0.98480
0.98470
0.98470
0.98480
0.98470
0.98470
0.98470
0.98470
0.98470
0.98470
0.98470
0.98470
0.98470
0.98470
0.98470
0.98470
0.98470
0.98470
0.98470
0.98470
0.98470
0.98470
0.98470
0.98470
0.98470
0.98470
0.98470
0.98470
0.98480
0.98470
0.98480
0.98480
0.98470
0.98480
0.98480
0.98480
0.98480
0.98480
0.98470
0.98470
0.98470
0.98470
0.98470
0.98470
0.98470
0.98470
0.98470
0.98470
0.98470
0.98470
0.98470
0.98470
0.98470
0.98470
0.98470
0.98490
0.98470
0.98470
0.98470
0.98470
0.98470
0.98470
0.98470
0.98460
0.98470
0.98480
0.98470
0.98470
0.98440
0.98480
0.98470
0.98470
0.98460
0.98470
0.98440
0.98440
0.98450
0.98460
0.98460
0.98450
0.98460
0.98460
0.98450
0.98460
0.98450
0.98460
0.98430
0.98450
0.98450
0.98450
0.98450
0.98450
0.98450
0.98450
0.98450
0.98450
0.98450
0.98450
0.98430
0.98450
0.98460
0.98450
0.98450
0.98440
0.98450
0.98450
0.98450
0.98450
0.98450
0.98450
0.98450
0.98450
0.98450
0.98450
0.98440
0.98450
0.98450
0.98450
0.98450
0.98450
0.98440
0.98450
0.98450
0.98450
0.98440
0.98450
0.98440
0.98450
0.98440
0.98440
0.98440
0.98450
0.98440
0.98440
0.98440
0.98440
0.98440
0.98440
0.98440
0.98440
0.98440
0.98440
0.98440
0.98440
0.98440
0.98450
0.98440
0.98450
0.98450
0.98450
0.98440
0.98450
0.98450
0.98450
0.98450
0.98450
0.98450
0.98450
0.98450
0.98450
0.98450
0.98450
0.98450
0.98450
0.98450
0.98450
0.98450
0.98450
0.98450
0.98440
0.98450
0.98450
0.98440
0.98440
0.98430
0.98450
0.98430
0.98450
0.98440
0.98440
0.98430
0.98440
0.98430
0.98430
0.98440
0.98430
0.98430
0.98430
0.98430
0.98430
0.98430
0.98430
0.98430
0.98430
0.98430
0.98430
0.98430
0.98430
0.98430
0.98430
0.98430
0.98430
0.98430
0.98430
0.98430
0.98430
0.98430
0.98430
0.98430
0.98430
0.98430
0.98430
0.98430
0.98430
0.98430
0.98430
0.98430
0.98430
0.98430
0.98430
0.98430
0.98430
0.98430
0.98430
0.98430
0.98430
0.98430
0.98430
0.98430
0.98430
0.98430
0.98430
0.98430
0.98430
0.98430
0.98430
0.98430
0.98430
0.98430
0.98430
0.98430
0.98430
0.98430
0.98430
0.98430
0.98430
0.98430
0.98430
0.98430
0.98430
0.98430
0.98430
0.98430
0.98430
0.98430
0.98430
0.98430
0.98430
0.98430
0.98430
0.98430
0.98430
0.98430
0.98430
0.98430
0.98430
0.98430
0.98430
0.98430
0.98430
0.98430
0.98430
0.98430
0.98430
0.98430
0.98430
0.98430
0.98430
0.98430
0.98430
0.98430
0.98430
0.98430
0.98430
0.98430
0.98430
0.98430
0.98430
0.98430
0.98430
0.98430
0.98430
0.98430
0.98430
0.98430
0.98430
0.98430
0.98430
0.98430
0.98430
0.98430
0.98430
0.98430
0.98430
0.98420
0.98420
0.98420
0.98430
0.98430
0.98430
0.98420
0.98430
0.98430
0.98420
0.98420
0.98420
0.98420
0.98420
0.98420
0.98420
0.98420
0.98420
0.98420
0.98420
0.98420
0.98420
0.98420
0.98420
0.98420
0.98420
0.98420
0.98420
0.98420
0.98420
0.98420
0.98420
0.98420
0.98420
0.98420
0.98420
0.98420
0.98420
0.98420
0.98420
0.98420
0.98410
0.98420
0.98420
0.98410
0.98420
0.98420
0.98410
0.98410
0.98410
0.98410
0.98410
0.98410
0.98410
0.98410
0.98410
0.98410
0.98410
0.98410
0.98400
0.98410
0.98420
0.98410
0.98410
0.98410
0.98400
0.98410
0.98400
0.98420
0.98400
0.98420
0.98400
0.98420
0.98400
0.98410
0.98410
0.98420
0.98410
0.98410
0.98410
0.98420
0.98410
0.98410
0.98410
0.98410
0.98410
0.98410
0.98410
0.98410
0.98420
0.98410
0.98430
0.98410
0.98420
0.98410
0.98410
0.98420
0.98420
0.98420
0.98420
0.98420
0.98420
0.98410
0.98420
0.98410
0.98420
0.98420
0.98420
0.98420
0.98420
0.98410
0.98420
0.98410
0.98420
0.98420
0.98420
0.98420
0.98420
0.98420
0.98420
0.98420
0.98420
0.98420
0.98420
0.98420
0.98420
0.98420
0.98420
0.98420
0.98420
0.98420
0.98420
0.98420
0.98420
0.98420
0.98420
0.98420
0.98420
0.98420
0.98420
0.98420
0.98420
0.98420
0.98420
0.98420
0.98420
0.98420
0.98420
0.98420
0.98420
0.98420
0.98420
0.98420
0.98420
0.98420
0.98420
0.98420
0.98420
0.98420
0.98420
0.98420
0.98420
0.98420
0.98420
0.98420
0.98420
0.98420
0.98420
0.98420
0.98420
0.98420
0.98420
0.98420
0.98420
0.98420
0.98420
0.98420
0.98420
0.98420
0.98420
0.98420
0.98420
0.98420
0.98420
0.98410
0.98420
0.98420
0.98410
0.98410
0.98420
0.98410
0.98420
0.98420
0.98410
0.98420
0.98410
0.98410
0.98410
0.98410
0.98410
0.98410
0.98410
0.98400
0.98400
0.98400
0.98410
0.98410
0.98400
0.98400
0.98400
0.98410
0.98400
0.98400
0.98400
0.98400
0.98400
0.98400
0.98400
0.98400
0.98400
0.98400
0.98410
0.98400
0.98400
0.98410
0.98410
0.98410
0.98410
0.98410
0.98410
0.98410
0.98410
0.98410
0.98400
0.98400
0.98410
0.98410
0.98410
0.98410
0.98410
0.98410
0.98410
0.98410
0.98410
0.98410
0.98410
0.98410
0.98410
0.98410
0.98410
0.98410
0.98410
0.98410
0.98410
0.98410
0.98410
0.98410
0.98410
0.98410
0.98410
0.98410
0.98420
0.98420
0.98410
0.98420
0.98410
0.98410
0.98420
0.98410
0.98410
0.98420
0.98420
0.98420
0.98410
0.98430
0.98410
0.98420
0.98420
0.98410
0.98440
0.98430
0.98420
0.98430
0.98420
0.98440
0.98430
0.98430
0.98430
0.98440
0.98430
0.98440
0.98430
0.98440
0.98440
0.98440
0.98440
0.98430
0.98440
0.98440
0.98440
0.98440
0.98440
0.98440
0.98440
0.98440
0.98440
0.98440
0.98440
0.98440
0.98440
0.98440
0.98440
0.98440
0.98440
0.98430
0.98430
0.98440
0.98440
0.98440
0.98440
0.98430
0.98430
0.98430
0.98430
0.98430
0.98430
0.98430
0.98430
0.98430
0.98430
0.98430
0.98430
0.98430
0.98430
0.98430
0.98430
0.98450
0.98430
0.98430
0.98430
0.98430
0.98430
0.98430
0.98440
0.98440
0.98440
0.98430
0.98420
0.98440
0.98430
0.98440
0.98420
0.98420
0.98430
0.98440
0.98430
0.98430
0.98420
0.98420
0.98430
0.98430
0.98430
0.98430
0.98430
0.98430
0.98430
0.98420
0.98440
0.98430
0.98430
0.98430
0.98430
0.98440
0.98440
0.98430
0.98430
0.98430
0.98440
0.98430
0.98440
0.98430
0.98420
0.98450
0.98440
0.98420
0.98440
0.98430
0.98440
0.98430
0.98420
0.98430
0.98430
0.98440
0.98420
0.98430
0.98430
0.98430
0.98430
0.98430
0.98430
0.98430
0.98430
0.98430
0.98430
0.98430
0.98440
0.98430
0.98430
0.98430
0.98430
0.98430
0.98430
0.98430
0.98430
0.98430
0.98430
0.98430
0.98430
0.98430
0.98430
0.98430
0.98430
0.98430
0.98430
0.98430
0.98430
0.98430
0.98430
0.98430
0.98430
0.98430
0.98430
0.98430
0.98430
0.98430
0.98430
0.98430
0.98430
0.98430
0.98430
0.98430
0.98430
0.98430
0.98430
0.98430
0.98430
0.98430
0.98430
0.98430
0.98430
0.98430
0.98430
0.98430
0.98430
0.98430
0.98430
0.98430
0.98430
0.98430
0.98430
0.98430
0.98430
0.98430
0.98440
0.98430
0.98440
0.98430
0.98430
0.98440
0.98430
0.98430
0.98430
0.98440
0.98430
0.98430
0.98430
0.98440
0.98440
0.98440
0.98440
0.98440
0.98440
0.98440
0.98430
0.98430
0.98430
0.98440
0.98440
0.98440
0.98440
0.98440
0.98440
0.98440
0.98440
0.98440
0.98440
0.98440
0.98440
0.98440
0.98440
0.98440
0.98440
0.98440
0.98430
0.98440
0.98440
0.98440
0.98440
0.98440
0.98440
0.98440
0.98440
0.98440
0.98440
0.98440
0.98440
0.98430
0.98430
0.98430
0.98440
0.98430
0.98440
0.98430
0.98430
0.98440
0.98430
0.98430
0.98430
0.98430
0.98440
0.98430
0.98430
0.98430
0.98430
0.98430
0.98430
0.98430
0.98430
0.98430
0.98430
0.98430
0.98430
0.98430
0.98430
0.98440
0.98430
0.98430
0.98430
0.98430
0.98430
0.98430
0.98430
0.98430
0.98430
0.98430
0.98430
0.98430
0.98440
0.98430
0.98430
0.98430
0.98430
0.98430
0.98430
0.98440
0.98430
0.98430
0.98430
0.98430
0.98430
0.98440
0.98430
0.98430
0.98430
0.98430
0.98430
0.98430
0.98440
0.98440
0.98440
0.98440
0.98430
0.98440
0.98430
0.98430
0.98440
0.98420
0.98430
0.98430
0.98440
0.98450
0.98440
0.98430
0.98430
0.98450
0.98440
0.98450
0.98440
0.98450
0.98440
0.98450
0.98430
0.98450
0.98430
0.98450
0.98440
0.98430
0.98450
0.98430
0.98440
0.98430
0.98450
0.98450
0.98440
0.98450
0.98440
0.98440
0.98450
0.98450
0.98450
0.98440
0.98450
0.98450
0.98440
0.98440
0.98450
0.98440
0.98440
0.98450
0.98450
0.98440
0.98450
0.98450
0.98450
0.98440
0.98450
0.98440
0.98450
0.98450
0.98430
0.98440
0.98440
0.98440
0.98450
0.98450
0.98440
0.98450
0.98440
0.98430
0.98440
0.98450
0.98440
0.98450
0.98450
0.98440
0.98450
0.98450
0.98440
0.98450
0.98440
0.98440
0.98440
0.98430
0.98430
0.98450
0.98440
0.98440
0.98450
0.98450
0.98440
0.98450
0.98450
0.98450
0.98450
0.98450
0.98450
0.98440
0.98440
0.98450
0.98450
0.98440
0.98450
0.98440
0.98440
0.98450
0.98450
0.98440
0.98440
0.98450
0.98440
0.98450
0.98430
0.98440
0.98450
0.98440
0.98440
0.98440
0.98440
0.98440
0.98440
0.98440
0.98440
0.98450
0.98440
0.98440
0.98450
0.98450
0.98460
0.98440
0.98440
0.98440
0.98450
0.98450
0.98440
0.98450
0.98450
0.98450
0.98440
0.98450
0.98440
0.98450
0.98440
0.98450
0.98440
0.98450
0.98440
0.98450
0.98440
0.98460
0.98450
0.98450
0.98440
0.98460
0.98450
0.98450
0.98440
0.98440
0.98450
0.98440
0.98440
0.98450
0.98440
0.98450
0.98450
0.98440
0.98440
0.98450
0.98440
0.98440
0.98450
0.98440
0.98450
0.98440
0.98440
0.98450
0.98440
0.98450
0.98440
0.98450
0.98450
0.98440
0.98450
0.98450
0.98450
0.98440
0.98450
0.98450
0.98440
0.98440
0.98450
0.98450
0.98440
0.98450
0.98450
0.98440
0.98450
0.98450
0.98440
0.98450
0.98450
0.98440
0.98450
0.98450
0.98440
0.98450
0.98450
0.98440
0.98440
0.98450
0.98450
0.98450
0.98440
0.98440
0.98450
0.98450
0.98440
0.98440
0.98440
0.98440
0.98450
0.98440
0.98440
0.98420
0.98440
0.98440
0.98450
0.98440
0.98430
0.98430
0.98440
0.98430
0.98440
0.98430
0.98430
0.98440
0.98420
0.98440
0.98430
0.98420
0.98430
0.98430
0.98430
0.98430
0.98420
0.98430
0.98430
0.98430
0.98430
0.98430
0.98440
0.98410
0.98440
0.98440
0.98410
0.98430
0.98410
0.98420
0.98430
0.98440
0.98420
0.98430
0.98410
0.98410
0.98420
0.98420
0.98430
0.98430
0.98410
0.98430
0.98420
0.98420
0.98420
0.98410
0.98420
0.98410
0.98430
0.98420
0.98410
0.98410
0.98410
0.98420
0.98420
0.98410
0.98420
0.98410
0.98420
0.98410
0.98420
0.98420
0.98420
0.98410
0.98420
0.98420
0.98410
0.98420
0.98410
0.98410
0.98420
0.98410
0.98410
0.98410
0.98420
0.98420
0.98420
0.98410
0.98410
0.98410
0.98420
0.98410
0.98420
0.98410
0.98410
0.98410
0.98420
0.98420
0.98420
0.98410
0.98410
0.98420
