0.90670
0.93730
0.95170
0.96020
0.96570
0.97020
0.97320
0.97500
0.97670
0.97740
0.97780
0.97840
0.97970
0.98050
0.98030
0.98050
0.98070
0.98090
0.98110
0.98210
0.98250
0.98250
0.98260
0.98280
0.98290
0.98340
0.98380
0.98400
0.98410
0.98390
0.98420
0.98380
0.98370
0.98410
0.98400
0.98390
0.98400
0.98410
0.98410
0.98400
0.98440
0.98440
0.98500
0.98490
0.98520
0.98500
0.98500
0.98520
0.98510
0.98500
0.98530
0.98520
0.98560
0.98540
0.98540
0.98600
0.98590
0.98580
0.98620
0.98610
0.98610
0.98610
0.98630
0.98630
0.98650
0.98660
0.98680
0.98650
0.98670
0.98680
0.98700
0.98670
0.98700
0.98670
0.98660
0.98710
0.98670
0.98670
0.98710
0.98680
0.98690
0.98680
0.98670
0.98660
0.98670
0.98680
0.98670
0.98680
0.98680
0.98680
0.98680
0.98670
0.98680
0.98680
0.98680
0.98670
0.98670
0.98680
0.98670
0.98680
0.98680
0.98680
0.98700
0.98700
0.98700
0.98710
0.98720
0.98720
0.98730
0.98730
0.98730
0.98730
0.98730
0.98730
0.98730
0.98720
0.98720
0.98710
0.98710
0.98710
0.98710
0.98700
0.98710
0.98720
0.98720
0.98730
0.98740
0.98720
0.98720
0.98710
0.98710
0.98710
0.98710
0.98720
0.98700
0.98690
0.98690
0.98680
0.98680
0.98690
0.98700
0.98680
0.98680
0.98660
0.98670
0.98670
0.98670
0.98680
0.98700
0.98700
0.98680
0.98710
0.98710
0.98700
0.98700
0.98700
0.98690
0.98710
0.98700
0.98710
0.98700
0.98710
0.98710
0.98700
0.98710
0.98720
0.98710
0.98700
0.98710
0.98700
0.98700
0.98700
0.98700
0.98710
0.98710
0.98700
0.98710
0.98710
0.98720
0.98720
0.98720
0.98720
0.98710
0.98720
0.98720
0.98720
0.98720
0.98730
0.98730
0.98710
0.98720
0.98720
0.98720
0.98720
0.98720
0.98720
0.98720
0.98740
0.98710
0.98710
0.98720
0.98710
0.98720
0.98710
0.98710
0.98710
0.98710
0.98710
0.98710
0.98720
0.98710
0.98720
0.98720
0.98720
0.98730
0.98730
0.98740
0.98730
0.98730
0.98740
0.98730
0.98730
0.98730
0.98730
0.98730
0.98740
0.98730
0.98740
0.98760
0.98760
0.98750
0.98760
0.98750
0.98760
0.98750
0.98750
0.98760
0.98770
0.98760
0.98770
0.98770
0.98770
0.98770
0.98770
0.98770
0.98770
0.98770
0.98780
0.98760
0.98770
