0.87810
0.91520
0.93290
0.94320
0.95080
0.95590
0.95910
0.96280
0.96480
0.96700
0.96780
0.96890
0.96980
0.97090
0.97220
0.97260
0.97320
0.97450
0.97460
0.97520
0.97540
0.97580
0.97620
0.97620
0.97680
0.97690
0.97690
0.97690
0.97710
0.97740
0.97720
0.97730
0.97770
0.97780
0.97760
0.97750
0.97760
0.97770
0.97780
0.97820
0.97800
0.97820
0.97810
0.97850
0.97840
0.97820
0.97840
0.97790
0.97780
0.97870
0.97840
0.97840
0.97880
0.97880
0.97890
0.97900
0.97910
0.97910
0.97880
0.97910
0.97950
0.97940
0.97950
0.97950
0.97980
0.97990
0.97990
0.97980
0.97950
0.97980
0.97940
0.97980
0.97990
0.97970
0.98010
0.98060
0.98080
0.98070
0.98030
0.98040
0.98100
0.98080
0.98090
0.98090
0.98050
0.98050
0.98050
0.98050
0.98070
0.98060
0.98120
0.98110
0.98130
0.98140
0.98130
0.98180
0.98170
0.98170
0.98180
0.98190
0.98210
0.98210
0.98220
0.98220
0.98210
0.98210
0.98220
0.98200
0.98230
0.98210
0.98210
0.98240
0.98230
0.98250
0.98270
0.98270
0.98260
0.98270
0.98270
0.98250
0.98230
0.98230
0.98260
0.98240
0.98280
0.98260
0.98250
0.98270
0.98280
0.98270
0.98250
0.98270
0.98250
0.98270
0.98250
0.98260
0.98270
0.98270
0.98270
0.98280
0.98290
0.98300
0.98300
0.98310
0.98320
0.98330
0.98320
0.98330
0.98330
0.98320
0.98310
0.98320
0.98330
0.98340
0.98320
0.98350
0.98320
0.98340
0.98350
0.98340
0.98340
0.98370
0.98340
0.98350
0.98350
0.98350
0.98330
0.98360
0.98360
0.98380
0.98350
0.98330
0.98360
0.98340
0.98340
0.98330
0.98340
0.98340
0.98350
0.98340
0.98350
0.98350
0.98320
0.98340
0.98330
0.98340
0.98320
0.98340
0.98330
0.98340
0.98330
0.98340
0.98330
0.98320
0.98330
0.98330
0.98340
0.98310
0.98320
0.98330
0.98320
0.98330
0.98330
0.98350
0.98340
0.98330
0.98340
0.98340
0.98340
0.98340
0.98340
0.98340
0.98340
0.98350
0.98340
0.98330
0.98360
0.98330
0.98350
0.98320
0.98350
0.98340
0.98320
0.98340
0.98320
0.98310
0.98320
0.98320
0.98320
0.98320
0.98310
0.98320
0.98330
0.98320
0.98310
0.98320
0.98320
0.98320
0.98320
0.98300
0.98310
0.98310
0.98310
0.98310
0.98290
0.98300
0.98300
0.98310
0.98300
0.98290
