0.86800
0.89800
0.91800
0.93900
0.94900
0.95400
0.95900
0.96200
0.96300
0.96200
0.96400
0.96800
0.96700
0.96900
0.97000
0.97000
0.97000
0.97400
0.97300
0.97500
0.97600
0.97700
0.97800
0.97800
0.97800
0.97700
0.97700
0.97700
0.97600
0.97500
0.97500
0.97500
0.97500
0.97500
0.97500
0.97500
0.97700
0.97800
0.97800
0.97800
0.97800
0.97800
0.97800
0.97900
0.97900
0.97900
0.97900
0.97900
0.97900
0.97900
0.98100
0.98000
0.98000
0.98100
0.98100
0.98200
0.98200
0.98200
0.98200
0.98200
0.98200
0.98300
0.98200
0.98200
0.98300
0.98400
0.98300
0.98300
0.98300
0.98200
0.98300
0.98200
0.98200
0.98200
0.98200
0.98200
0.98200
0.98200
0.98300
0.98300
0.98200
0.98300
0.98300
0.98300
0.98300
0.98200
0.98200
0.98200
0.98200
0.98200
0.98200
0.98200
0.98200
0.98100
0.98000
0.98100
0.98000
0.98000
0.98100
0.98200
0.98200
0.98100
0.98300
0.98300
0.98300
0.98200
0.98400
0.98200
0.98400
0.98400
0.98300
0.98300
0.98400
0.98400
0.98400
0.98400
0.98500
0.98400
0.98300
0.98400
0.98500
0.98400
0.98500
0.98400
0.98600
0.98500
0.98600
0.98400
0.98500
0.98600
0.98600
0.98600
0.98500
0.98600
0.98500
0.98600
0.98500
0.98600
0.98600
0.98600
0.98500
0.98600
0.98600
0.98400
0.98500
0.98600
0.98400
0.98400
0.98500
0.98400
0.98400
0.98500
0.98400
0.98400
0.98500
0.98400
0.98400
0.98400
0.98400
0.98400
0.98400
0.98400
0.98400
0.98400
0.98400
0.98400
0.98300
0.98400
0.98300
0.98400
0.98300
0.98300
0.98400
0.98400
0.98300
0.98300
0.98400
0.98300
0.98300
0.98300
0.98300
0.98300
0.98300
0.98300
0.98300
0.98300
0.98300
0.98300
0.98300
0.98300
0.98300
0.98300
0.98300
0.98300
0.98300
0.98300
0.98300
0.98300
0.98300
0.98300
0.98300
0.98300
0.98300
0.98300
0.98300
0.98300
0.98300
0.98300
0.98300
0.98300
0.98300
0.98300
0.98300
0.98300
0.98300
0.98300
0.98300
0.98300
0.98300
0.98300
0.98300
0.98200
0.98300
0.98300
0.98300
0.98200
0.98200
0.98200
0.98200
0.98200
0.98200
0.98200
0.98200
0.98200
0.98200
0.98200
0.98200
0.98200
0.98200
0.98200
0.98200
0.98200
0.98200
0.98200
0.98200
0.98200
0.98200
0.98200
0.98200
0.98200
