0.84200
0.88500
0.92000
0.93600
0.94900
0.95500
0.96100
0.96100
0.96500
0.96100
0.96600
0.96800
0.96800
0.97000
0.97000
0.97000
0.97000
0.97100
0.97200
0.97300
0.97400
0.97400
0.97500
0.97500
0.97500
0.97500
0.97600
0.97600
0.97800
0.98000
0.98000
0.98000
0.98000
0.98000
0.98100
0.98100
0.98100
0.98100
0.98100
0.98100
0.98100
0.98100
0.98100
0.98100
0.98100
0.98200
0.98200
0.98200
0.98200
0.98100
0.98100
0.98100
0.98300
0.98200
0.98200
0.98200
0.98000
0.98000
0.98100
0.98100
0.98100
0.98000
0.97900
0.97900
0.97900
0.98000
0.98000
0.98000
0.98000
0.98000
0.97900
0.98000
0.98000
0.98000
0.98100
0.98000
0.98000
0.98000
0.98100
0.98000
0.98100
0.98100
0.98000
0.98100
0.98000
0.98100
0.98100
0.98100
0.98100
0.98200
0.98100
0.98100
0.98000
0.98000
0.98000
0.98000
0.98000
0.98000
0.98000
0.98000
0.98000
0.98000
0.98000
0.98000
0.98000
0.98000
0.98000
0.98000
0.98000
0.98000
0.98000
0.98000
0.98000
0.98000
0.98000
0.97900
0.98100
0.98100
0.98100
0.98000
0.98100
0.98000
0.98000
0.98200
0.98000
0.98200
0.98000
0.98000
0.98100
0.98000
0.98100
0.98000
0.98100
0.98000
0.98000
0.98000
0.98000
0.98000
0.98000
0.98000
0.98000
0.98100
0.98000
0.98000
0.98100
0.98000
0.98000
0.98100
0.98100
0.98100
0.97900
0.97900
0.97900
0.98000
0.97900
0.98000
0.97900
0.97900
0.98000
0.97900
0.97900
0.97900
0.97900
0.97900
0.97900
0.97900
0.97900
0.97900
0.97900
0.97900
0.97900
0.97900
0.97900
0.97900
0.97900
0.97900
0.97900
0.97900
0.97900
0.97900
0.97800
0.97900
0.97900
0.97800
0.97800
0.97800
0.97900
0.97800
0.97800
0.97800
0.97800
0.97800
0.97800
0.97800
0.97800
0.97800
0.97800
0.97800
0.97800
0.97800
0.97800
0.97800
0.97800
0.97800
0.97800
0.97800
0.97800
0.97800
0.97800
0.97800
0.97800
0.97800
0.97800
0.97800
0.97800
0.97800
0.97800
0.97800
0.97800
0.97800
0.97800
0.97800
0.97800
0.97800
0.97800
0.97800
0.97800
0.97800
0.97800
0.97800
0.97800
0.97800
0.97800
0.97800
0.97800
0.97800
0.97800
0.97800
0.97800
0.97800
0.97800
0.97800
0.97800
0.97800
0.97800
0.97800
0.97800
0.97800
0.97800
0.97800
