0.84900
0.89200
0.91300
0.92400
0.93900
0.94400
0.95200
0.95500
0.96100
0.96500
0.96800
0.96600
0.96700
0.96600
0.96600
0.96500
0.96900
0.97000
0.96900
0.97100
0.97100
0.97100
0.97100
0.97100
0.97100
0.97100
0.97100
0.97400
0.97400
0.97500
0.97500
0.97500
0.97700
0.97700
0.97600
0.97600
0.97500
0.97500
0.97600
0.97700
0.97800
0.97800
0.97800
0.97800
0.97800
0.97800
0.97800
0.97700
0.97700
0.97700
0.97700
0.97700
0.97700
0.97700
0.97700
0.97700
0.97700
0.97700
0.97700
0.97700
0.97700
0.97700
0.97800
0.97800
0.97800
0.97900
0.97800
0.97800
0.97900
0.97900
0.97900
0.97900
0.97900
0.97900
0.97900
0.97900
0.97900
0.97900
0.97900
0.97800
0.97900
0.97900
0.98000
0.97800
0.97900
0.97900
0.97900
0.97900
0.97900
0.97900
0.97900
0.97800
0.98000
0.97900
0.97800
0.97900
0.97800
0.97800
0.97800
0.97800
0.97900
0.97800
0.97900
0.97800
0.97900
0.97900
0.97900
0.97800
0.97900
0.97900
0.97900
0.97800
0.97800
0.97900
0.97900
0.97800
0.97900
0.98000
0.98100
0.98000
0.98000
0.98000
0.98000
0.98000
0.98000
0.98100
0.98000
0.98000
0.98000
0.98000
0.98000
0.98000
0.98000
0.98000
0.98000
0.98000
0.98000
0.98000
0.98000
0.98000
0.98000
0.98000
0.98000
0.98000
0.98000
0.98000
0.98000
0.98000
0.98000
0.98000
0.98000
0.98000
0.98000
0.98000
0.98000
0.98000
0.98000
0.98000
0.98000
0.98000
0.98000
0.98000
0.98000
0.98000
0.98000
0.98000
0.98000
0.98000
0.98000
0.98000
0.98000
0.98000
0.98000
0.98000
0.98000
0.98000
0.98000
0.98000
0.98000
0.98000
0.98000
0.98000
0.98000
0.98000
0.98000
0.98000
0.98000
0.98000
0.98000
0.98000
0.98000
0.98000
0.98000
0.98000
0.98000
0.98000
0.98000
0.98000
0.98000
0.98000
0.98000
0.98000
0.98000
0.98000
0.98000
0.98000
0.98000
0.98000
0.98000
0.98000
0.98000
0.98000
0.97900
0.98000
0.97900
0.98000
0.97900
0.97900
0.97900
0.97900
0.97900
0.97900
0.97900
0.97900
0.97900
0.97900
0.97900
0.97900
0.97900
0.97900
0.97900
0.97900
0.97900
0.97900
0.97900
0.97900
0.97900
0.97900
0.97900
0.97900
0.97900
0.97900
0.97900
0.97900
0.97900
0.97900
0.97900
0.97900
0.97900
0.97900
