0.10440
0.10780
0.11450
0.11960
0.12520
0.13060
0.13890
0.14890
0.16030
0.18040
0.20980
0.24880
0.29290
0.33900
0.38010
0.41730
0.45440
0.49160
0.52190
0.55350
0.58490
0.61090
0.63430
0.65420
0.67090
0.68540
0.69830
0.71000
0.72200
0.73140
0.73860
0.74660
0.75540
0.76300
0.77070
0.77700
0.78450
0.79010
0.79480
0.80140
0.80620
0.81070
0.81520
0.81930
0.82410
0.82860
0.83330
0.83740
0.84070
0.84350
0.84570
0.84930
0.85100
0.85350
0.85730
0.86060
0.86250
0.86550
0.86750
0.86930
0.87050
0.87170
0.87350
0.87540
0.87640
0.87790
0.87820
0.87990
0.88170
0.88260
0.88420
0.88540
0.88710
0.88820
0.88960
0.89020
0.89170
0.89230
0.89290
0.89400
0.89480
0.89490
0.89520
0.89600
0.89720
0.89790
0.89870
0.89890
0.89940
0.90000
0.90040
0.90100
0.90210
0.90260
0.90300
0.90340
0.90390
0.90440
0.90490
0.90570
0.90630
0.90670
0.90750
0.90760
0.90810
0.90830
0.90870
0.90930
0.90990
0.91010
0.91040
0.91070
0.91070
0.91090
0.91120
0.91140
0.91170
0.91220
0.91230
0.91310
0.91350
0.91400
0.91430
0.91480
0.91520
0.91550
0.91560
0.91600
0.91630
0.91690
0.91730
0.91740
0.91810
0.91830
0.91860
0.91890
0.91930
0.91950
0.91990
0.92030
0.92060
0.92080
0.92130
0.92170
0.92200
0.92240
0.92280
0.92300
0.92330
0.92340
0.92350
0.92350
0.92370
0.92400
0.92430
0.92490
0.92520
0.92540
0.92550
0.92570
0.92590
0.92600
0.92620
0.92640
0.92650
0.92670
0.92690
0.92700
0.92720
0.92740
0.92770
0.92760
0.92760
0.92830
0.92870
0.92870
0.92890
0.92890
0.92970
0.93010
0.93030
0.93070
0.93090
0.93100
0.93150
0.93190
0.93190
0.93210
0.93250
0.93260
0.93300
0.93290
0.93310
0.93310
0.93330
0.93360
0.93370
0.93390
0.93390
0.93410
0.93390
0.93390
0.93400
0.93420
0.93440
0.93470
0.93470
0.93500
0.93510
0.93510
0.93540
0.93540
0.93540
0.93550
0.93570
0.93590
0.93620
0.93640
0.93650
0.93650
0.93640
0.93640
0.93660
0.93680
0.93710
0.93750
0.93750
0.93760
0.93810
0.93840
0.93820
0.93820
0.93830
0.93850
0.93850
0.93870
0.93920
0.93930
0.93950
0.93970
0.94010
0.94050
0.94070
0.94080
0.94090
0.94110
0.94120
0.94120
0.94130
0.94130
0.94150
0.94180
0.94170
0.94170
0.94200
0.94210
0.94200
0.94200
0.94210
0.94210
0.94210
0.94220
0.94240
0.94280
0.94270
0.94270
0.94260
0.94310
0.94340
0.94350
0.94350
0.94350
0.94360
0.94350
0.94360
0.94380
0.94400
0.94400
0.94430
0.94440
0.94470
0.94470
0.94470
0.94480
0.94500
0.94510
0.94510
0.94520
0.94530
0.94540
0.94540
0.94580
0.94600
0.94600
0.94610
0.94640
0.94660
0.94670
0.94680
0.94710
0.94740
0.94750
0.94770
0.94770
0.94770
0.94780
0.94790
0.94800
0.94800
0.94820
0.94830
0.94830
0.94830
0.94840
0.94870
0.94880
0.94900
0.94920
0.94930
0.94930
0.94940
0.94960
0.94970
0.94970
0.94970
0.94970
0.94970
0.94970
0.94980
0.94990
0.94990
0.95000
0.95000
0.95010
0.95030
0.95050
0.95060
0.95050
0.95080
0.95080
0.95080
0.95080
0.95080
0.95110
0.95110
0.95130
0.95150
0.95160
0.95160
0.95160
0.95160
0.95180
0.95210
0.95240
0.95260
0.95260
0.95270
0.95270
0.95280
0.95290
0.95300
0.95320
0.95330
0.95340
0.95350
0.95360
0.95370
0.95370
0.95370
0.95400
0.95400
0.95400
0.95420
0.95420
0.95440
0.95450
0.95460
0.95470
0.95490
0.95490
0.95510
0.95500
0.95510
0.95510
0.95510
0.95510
0.95520
0.95530
0.95530
0.95540
0.95550
0.95570
0.95590
0.95620
0.95620
0.95640
0.95640
0.95650
0.95650
0.95660
0.95680
0.95680
0.95660
0.95660
0.95680
0.95710
0.95710
0.95730
0.95750
0.95760
0.95750
0.95770
0.95790
0.95790
0.95810
0.95810
0.95810
0.95810
0.95830
0.95840
0.95840
0.95850
0.95850
0.95850
0.95850
0.95850
0.95850
0.95870
0.95880
0.95900
0.95900
0.95890
0.95890
0.95900
0.95920
0.95920
0.95930
0.95930
0.95950
0.95950
0.95950
0.95980
0.96010
0.96010
0.96010
0.96010
0.96010
0.96020
0.96020
0.96030
0.96030
0.96030
0.96040
0.96040
0.96040
0.96040
0.96040
0.96040
0.96030
0.96040
0.96040
0.96060
0.96070
0.96070
0.96070
0.96090
0.96110
0.96130
0.96130
0.96150
0.96160
0.96160
0.96170
0.96170
0.96170
0.96180
0.96190
0.96190
0.96170
0.96180
0.96180
0.96180
0.96180
0.96180
0.96170
0.96180
0.96180
0.96190
0.96190
0.96210
0.96210
0.96210
0.96210
0.96210
0.96210
0.96220
0.96220
0.96240
0.96240
0.96240
0.96250
0.96260
0.96280
0.96300
0.96300
0.96300
0.96300
0.96300
0.96300
0.96300
0.96310
0.96310
0.96310
0.96300
0.96320
0.96320
0.96320
0.96320
0.96320
0.96350
0.96360
0.96360
0.96360
0.96390
0.96390
0.96380
0.96400
0.96420
0.96430
0.96430
0.96440
0.96440
0.96440
0.96440
0.96440
0.96440
0.96450
0.96460
0.96470
0.96500
0.96500
0.96500
0.96500
0.96500
0.96500
0.96500
0.96500
0.96500
0.96500
0.96500
0.96510
0.96510
0.96510
0.96520
0.96530
0.96530
0.96530
0.96530
0.96530
0.96560
0.96560
0.96550
0.96550
0.96550
0.96550
0.96550
0.96570
0.96570
0.96570
0.96560
0.96570
0.96590
0.96620
0.96620
0.96620
0.96620
0.96630
0.96620
0.96630
0.96630
0.96640
0.96660
0.96660
0.96670
0.96680
0.96680
0.96680
0.96690
0.96700
0.96700
0.96700
0.96700
0.96700
0.96710
0.96720
0.96720
0.96740
0.96740
0.96740
0.96740
0.96750
0.96750
0.96760
0.96760
0.96770
0.96780
0.96780
0.96790
0.96790
0.96790
0.96790
0.96800
0.96800
0.96820
0.96820
0.96820
0.96820
0.96830
0.96830
0.96830
0.96830
0.96830
0.96830
0.96850
0.96850
0.96860
0.96860
0.96860
0.96860
0.96870
0.96870
0.96870
0.96880
0.96880
0.96880
0.96870
0.96860
0.96890
0.96890
0.96890
0.96900
0.96900
0.96900
0.96920
0.96920
0.96910
0.96920
0.96920
0.96920
0.96920
0.96920
0.96920
0.96920
0.96910
0.96910
0.96920
0.96920
0.96920
0.96920
0.96930
0.96930
0.96930
0.96940
0.96950
0.96960
0.96960
0.96970
0.96980
0.96980
0.96970
0.96970
0.96980
0.97000
0.97000
0.97030
0.97030
0.97040
0.97040
0.97040
0.97040
0.97040
0.97040
0.97050
0.97050
0.97050
0.97050
0.97050
0.97050
0.97050
0.97060
0.97060
0.97060
0.97060
0.97060
0.97070
0.97070
0.97070
0.97060
0.97060
0.97070
0.97070
0.97080
0.97080
0.97080
0.97080
0.97080
0.97090
0.97100
0.97120
0.97120
0.97120
0.97120
0.97120
0.97120
0.97120
0.97130
0.97130
0.97130
0.97130
0.97140
0.97140
0.97140
0.97150
0.97160
0.97160
0.97160
0.97170
0.97170
0.97170
0.97180
0.97190
0.97190
0.97190
0.97190
0.97190
0.97190
0.97210
0.97220
0.97230
0.97230
0.97230
0.97230
0.97230
0.97240
0.97240
0.97240
0.97240
0.97240
0.97240
0.97240
0.97240
0.97240
0.97240
0.97240
0.97250
0.97240
0.97240
0.97240
0.97240
0.97230
0.97240
0.97240
0.97240
0.97240
0.97230
0.97230
0.97220
0.97220
0.97230
0.97230
0.97230
0.97230
0.97230
0.97230
0.97240
0.97240
0.97240
0.97240
0.97240
0.97240
0.97250
0.97250
0.97250
0.97250
0.97250
0.97250
0.97250
0.97250
0.97250
0.97250
0.97250
0.97250
0.97260
0.97270
0.97270
0.97270
0.97270
0.97270
0.97270
0.97280
0.97280
0.97280
0.97280
0.97280
0.97290
0.97290
0.97290
0.97290
0.97290
0.97280
0.97290
0.97290
0.97300
0.97300
0.97300
0.97310
0.97310
0.97320
0.97320
0.97320
0.97320
0.97320
0.97320
0.97340
0.97340
0.97340
0.97340
0.97350
0.97350
0.97350
0.97350
0.97350
0.97350
0.97350
0.97350
0.97360
0.97360
0.97360
0.97360
0.97360
0.97360
0.97360
0.97360
0.97380
0.97380
0.97380
0.97380
0.97380
0.97390
0.97400
0.97400
0.97400
0.97400
0.97400
0.97400
0.97420
0.97420
0.97420
0.97420
0.97420
0.97430
0.97440
0.97440
0.97430
0.97430
0.97430
0.97430
0.97440
0.97450
0.97450
0.97450
0.97450
0.97460
0.97460
0.97480
0.97480
0.97480
0.97480
0.97480
0.97490
0.97490
0.97500
0.97510
0.97510
0.97520
0.97520
0.97520
0.97520
0.97520
0.97520
0.97530
0.97530
0.97540
0.97550
0.97560
0.97560
0.97580
0.97580
0.97580
0.97580
0.97580
0.97580
0.97580
0.97570
0.97570
0.97570
0.97570
0.97580
0.97580
0.97580
0.97580
0.97580
0.97580
0.97580
0.97580
0.97580
0.97580
0.97590
0.97590
0.97590
0.97590
0.97590
0.97580
0.97570
0.97580
0.97580
0.97590
0.97590
0.97590
0.97590
0.97600
0.97600
0.97600
0.97600
0.97600
0.97600
0.97600
0.97600
0.97600
0.97600
0.97620
0.97630
0.97630
0.97630
0.97630
0.97630
0.97630
0.97630
0.97630
0.97630
0.97630
0.97630
0.97640
0.97640
0.97660
0.97650
0.97660
0.97660
0.97660
0.97660
0.97660
0.97660
0.97650
0.97650
0.97650
0.97650
0.97650
0.97650
0.97650
0.97650
0.97650
0.97650
0.97650
0.97650
0.97650
0.97650
0.97650
0.97660
0.97660
0.97660
0.97660
0.97660
0.97670
0.97670
0.97670
0.97680
0.97680
0.97680
0.97680
0.97680
0.97680
0.97690
0.97690
0.97690
0.97690
0.97690
0.97690
0.97690
0.97680
0.97690
0.97690
0.97690
0.97690
0.97690
0.97690
0.97690
0.97690
0.97690
0.97690
0.97690
0.97690
0.97700
0.97700
0.97710
0.97710
0.97710
0.97710
0.97710
0.97710
0.97710
0.97700
0.97700
0.97700
0.97700
0.97700
0.97700
0.97700
0.97700
0.97710
0.97710
0.97710
0.97710
0.97710
0.97710
0.97710
0.97710
0.97730
0.97730
0.97740
0.97740
0.97740
0.97740
0.97740
0.97750
0.97750
0.97750
0.97750
0.97750
0.97750
0.97750
0.97750
0.97760
0.97760
0.97760
0.97760
0.97760
0.97760
0.97760
0.97760
0.97760
0.97760
0.97760
0.97760
0.97770
0.97770
0.97770
0.97780
0.97780
0.97780
0.97780
0.97780
0.97780
0.97780
0.97780
0.97790
0.97790
0.97790
0.97790
0.97790
0.97790
0.97790
0.97790
0.97790
0.97790
0.97790
0.97790
0.97780
0.97780
0.97780
0.97780
0.97780
0.97790
0.97780
0.97780
0.97780
0.97780
0.97780
0.97780
0.97780
0.97780
0.97780
0.97780
0.97780
0.97790
0.97790
0.97790
0.97790
0.97790
0.97790
0.97790
0.97800
0.97800
0.97800
0.97800
0.97800
0.97800
0.97800
0.97800
0.97800
0.97800
0.97800
0.97800
0.97800
0.97800
0.97800
0.97800
0.97800
0.97800
0.97800
0.97800
0.97800
0.97800
0.97800
0.97810
0.97810
0.97810
0.97810
0.97810
0.97810
0.97810
0.97810
0.97810
0.97810
0.97810
0.97810
0.97810
0.97810
0.97810
0.97810
0.97810
0.97810
0.97810
0.97810
0.97810
0.97800
0.97800
0.97800
0.97800
0.97800
0.97810
0.97810
0.97810
0.97810
0.97810
0.97810
0.97810
0.97820
0.97820
0.97820
0.97820
0.97810
0.97820
0.97820
0.97820
0.97820
0.97820
0.97820
0.97820
0.97820
0.97820
0.97820
0.97820
0.97820
0.97820
0.97820
0.97820
0.97820
0.97820
0.97820
0.97820
0.97820
0.97830
0.97840
0.97840
0.97840
0.97840
0.97850
0.97850
0.97850
0.97850
0.97850
0.97850
0.97850
0.97850
0.97850
0.97850
0.97850
0.97850
0.97850
0.97850
0.97850
0.97850
0.97850
0.97850
0.97850
0.97850
0.97850
0.97850
0.97850
0.97850
0.97850
0.97850
0.97850
0.97850
0.97850
0.97850
0.97850
0.97850
0.97850
0.97850
0.97860
0.97860
0.97860
0.97850
0.97860
0.97860
0.97860
0.97870
0.97870
0.97870
0.97870
0.97870
0.97870
0.97870
0.97870
0.97870
0.97870
0.97870
0.97870
0.97880
0.97870
0.97870
0.97870
0.97870
0.97870
0.97870
0.97870
0.97880
0.97880
0.97880
0.97880
0.97880
0.97880
0.97880
0.97880
0.97880
0.97880
0.97880
0.97880
0.97880
0.97880
0.97880
0.97880
0.97880
0.97880
0.97880
0.97880
0.97880
0.97890
0.97890
0.97890
0.97890
0.97890
0.97890
0.97890
0.97890
0.97890
0.97890
0.97890
0.97890
0.97890
0.97890
0.97890
0.97890
0.97890
0.97890
0.97890
0.97890
0.97890
0.97890
0.97890
0.97890
0.97890
0.97890
0.97890
0.97890
0.97890
0.97890
0.97890
0.97890
0.97890
0.97890
0.97890
0.97890
0.97890
0.97890
0.97890
0.97890
0.97890
0.97890
0.97890
0.97890
0.97890
0.97890
0.97890
0.97880
0.97920
0.97910
0.97910
0.97910
0.97910
0.97910
0.97910
0.97910
0.97910
0.97920
0.97920
0.97920
0.97920
0.97920
0.97920
0.97920
0.97920
0.97920
0.97920
0.97920
0.97920
0.97930
0.97930
0.97930
0.97930
0.97930
0.97930
0.97930
0.97930
0.97930
0.97930
0.97930
0.97940
0.97940
0.97940
0.97940
0.97940
0.97940
0.97950
0.97960
0.97960
0.97960
0.97960
0.97970
0.97970
0.97980
0.97980
0.97980
0.97980
0.97990
0.97990
0.98000
0.98000
0.98000
0.98000
0.98000
0.98000
0.98000
0.98010
0.98010
0.98010
0.98010
0.98010
0.98010
0.98010
0.98010
0.98010
0.98010
0.98010
0.98020
0.98010
0.98010
0.98020
0.98020
0.98020
0.98020
0.98020
0.98020
0.98020
0.98020
0.98020
0.98020
0.98020
0.98020
0.98020
0.98020
0.98020
0.98020
0.98020
0.98020
0.98020
0.98020
0.98020
0.98020
0.98020
0.98020
0.98020
0.98020
0.98020
0.98030
0.98030
0.98030
0.98030
0.98030
0.98030
0.98030
0.98030
0.98030
0.98030
0.98030
0.98030
0.98030
0.98030
0.98030
0.98030
0.98030
0.98030
0.98040
0.98040
0.98040
0.98040
0.98040
0.98040
0.98040
0.98040
0.98040
0.98040
0.98040
0.98040
0.98040
0.98040
0.98040
0.98040
0.98040
0.98040
0.98040
0.98040
0.98040
0.98040
0.98040
0.98040
0.98040
0.98050
0.98050
0.98050
0.98050
0.98050
0.98050
0.98050
0.98050
0.98050
0.98040
0.98040
0.98040
0.98040
0.98040
0.98040
0.98040
0.98040
0.98040
0.98040
0.98040
0.98040
0.98040
0.98040
0.98040
0.98040
0.98040
0.98040
0.98040
0.98040
0.98040
0.98040
0.98040
0.98040
0.98040
0.98040
0.98040
0.98040
0.98040
0.98040
0.98040
0.98040
0.98040
0.98040
0.98040
0.98040
0.98040
0.98040
0.98040
0.98040
0.98040
0.98040
0.98040
0.98040
0.98040
0.98040
0.98040
0.98040
0.98040
0.98040
0.98040
0.98040
0.98040
0.98050
0.98050
0.98050
0.98050
0.98050
0.98050
0.98050
0.98050
0.98050
0.98050
0.98050
0.98050
0.98050
0.98050
0.98050
0.98050
0.98050
0.98050
0.98050
0.98050
0.98050
0.98050
0.98050
0.98050
0.98050
0.98050
0.98050
0.98050
0.98050
0.98050
0.98060
0.98060
0.98060
0.98060
0.98060
0.98040
0.98050
0.98050
0.98050
0.98050
0.98050
0.98050
0.98050
0.98050
0.98050
0.98050
0.98050
0.98040
0.98040
0.98040
0.98040
0.98040
0.98040
0.98040
0.98040
0.98040
0.98040
0.98040
0.98040
0.98040
0.98040
0.98040
0.98040
0.98040
0.98040
0.98040
0.98040
0.98040
0.98040
0.98040
0.98040
0.98040
0.98040
0.98040
0.98040
0.98040
0.98050
0.98050
0.98050
0.98050
0.98050
0.98050
0.98050
0.98050
0.98050
0.98050
0.98050
0.98050
0.98050
0.98060
0.98060
0.98050
0.98050
0.98050
0.98050
0.98050
0.98050
0.98050
0.98050
0.98050
0.98050
0.98050
0.98050
0.98050
0.98050
0.98050
0.98050
0.98040
0.98040
0.98040
0.98040
0.98040
0.98040
0.98040
0.98040
0.98040
0.98040
0.98040
0.98040
0.98040
0.98040
0.98040
0.98040
0.98040
0.98040
0.98040
0.98040
0.98040
0.98050
0.98050
0.98050
0.98050
0.98050
0.98050
0.98050
0.98050
0.98050
0.98050
0.98050
0.98060
0.98070
0.98070
0.98080
0.98070
0.98070
0.98080
0.98080
0.98080
0.98080
0.98080
0.98080
0.98090
0.98100
0.98100
0.98100
0.98100
0.98100
0.98100
0.98100
0.98100
0.98100
0.98100
0.98100
0.98100
0.98100
0.98100
0.98100
0.98100
0.98100
0.98100
0.98100
0.98100
0.98100
0.98100
0.98100
0.98100
0.98100
0.98100
0.98100
0.98100
0.98100
0.98100
0.98100
0.98100
0.98110
0.98110
0.98110
0.98110
0.98110
0.98110
0.98110
0.98110
0.98110
0.98110
0.98110
0.98110
0.98110
0.98110
0.98110
0.98110
0.98110
0.98110
0.98110
0.98110
0.98110
0.98110
0.98110
0.98110
0.98110
0.98120
0.98110
0.98120
0.98120
0.98120
0.98120
0.98110
0.98110
0.98110
0.98110
0.98110
0.98110
0.98110
0.98110
0.98110
0.98110
0.98110
0.98110
0.98110
0.98110
0.98110
0.98110
0.98110
0.98110
0.98110
0.98110
0.98110
0.98120
0.98120
0.98120
0.98120
0.98130
0.98120
0.98130
0.98130
0.98130
0.98130
0.98130
0.98130
0.98130
0.98130
0.98130
0.98120
0.98120
0.98120
0.98120
0.98120
0.98120
0.98120
0.98120
0.98120
0.98120
0.98120
0.98110
0.98110
0.98110
0.98110
0.98110
0.98110
0.98110
0.98110
0.98110
0.98110
0.98110
0.98110
0.98110
0.98110
0.98110
0.98110
0.98110
0.98110
0.98110
0.98110
0.98110
0.98110
0.98110
0.98110
0.98110
0.98110
0.98110
0.98120
0.98120
0.98120
0.98120
0.98120
0.98120
0.98120
0.98120
0.98120
0.98120
0.98120
0.98120
0.98120
0.98120
0.98110
0.98120
0.98120
0.98110
0.98110
0.98110
0.98100
0.98100
0.98100
0.98100
0.98100
0.98100
0.98100
0.98100
0.98100
0.98100
0.98100
0.98100
0.98100
0.98110
0.98110
0.98110
0.98110
0.98110
0.98110
0.98110
0.98110
0.98110
0.98110
0.98110
0.98110
0.98110
0.98110
0.98110
0.98110
0.98110
0.98110
0.98110
0.98110
0.98110
0.98110
0.98110
0.98100
0.98100
0.98090
0.98090
0.98090
0.98100
0.98090
0.98090
0.98090
0.98090
0.98100
0.98090
0.98100
0.98100
0.98120
0.98120
0.98120
0.98120
0.98120
0.98130
0.98130
0.98130
0.98140
0.98140
0.98140
0.98140
0.98140
0.98140
0.98140
0.98140
0.98140
0.98140
0.98150
0.98150
0.98150
0.98150
0.98150
0.98150
0.98150
0.98150
0.98150
0.98150
0.98150
0.98150
0.98150
0.98150
0.98150
0.98150
0.98150
0.98150
0.98150
0.98150
0.98150
0.98150
0.98150
0.98150
0.98150
0.98150
0.98150
0.98150
0.98150
0.98150
0.98150
0.98150
0.98150
0.98150
0.98150
0.98150
0.98150
0.98150
0.98160
0.98160
0.98160
0.98160
0.98160
0.98160
0.98160
0.98160
0.98160
0.98160
0.98160
0.98160
0.98160
0.98160
0.98160
0.98160
0.98160
0.98160
0.98160
0.98160
0.98160
0.98160
0.98160
0.98160
0.98160
0.98160
0.98160
0.98160
0.98160
0.98160
0.98160
0.98160
0.98160
0.98160
0.98160
0.98160
0.98160
0.98160
0.98160
0.98160
0.98160
0.98160
0.98160
0.98160
0.98160
0.98160
0.98160
0.98160
0.98160
0.98160
0.98160
0.98160
0.98160
0.98160
0.98160
