0.86100
0.89500
0.92500
0.94100
0.95400
0.96000
0.96400
0.97000
0.97300
0.97200
0.97200
0.97200
0.97200
0.97500
0.97600
0.97700
0.97800
0.97900
0.98100
0.98100
0.98100
0.98100
0.98100
0.98100
0.98300
0.98300
0.98300
0.98300
0.98400
0.98300
0.98300
0.98400
0.98300
0.98300
0.98400
0.98400
0.98400
0.98600
0.98600
0.98600
0.98600
0.98600
0.98600
0.98600
0.98600
0.98600
0.98500
0.98500
0.98400
0.98400
0.98400
0.98400
0.98400
0.98400
0.98400
0.98400
0.98400
0.98300
0.98400
0.98300
0.98400
0.98400
0.98400
0.98400
0.98400
0.98400
0.98400
0.98400
0.98400
0.98400
0.98400
0.98500
0.98400
0.98500
0.98500
0.98400
0.98500
0.98500
0.98500
0.98500
0.98500
0.98500
0.98400
0.98400
0.98500
0.98500
0.98500
0.98500
0.98500
0.98500
0.98500
0.98500
0.98500
0.98500
0.98500
0.98500
0.98500
0.98500
0.98500
0.98500
0.98500
0.98500
0.98500
0.98500
0.98500
0.98600
0.98600
0.98600
0.98600
0.98600
0.98600
0.98600
0.98600
0.98600
0.98600
0.98600
0.98600
0.98600
0.98600
0.98600
0.98600
0.98600
0.98600
0.98600
0.98600
0.98600
0.98600
0.98600
0.98600
0.98600
0.98600
0.98600
0.98600
0.98600
0.98600
0.98600
0.98600
0.98600
0.98600
0.98600
0.98600
0.98600
0.98600
0.98600
0.98600
0.98600
0.98600
0.98600
0.98600
0.98600
0.98600
0.98600
0.98600
0.98600
0.98600
0.98600
0.98600
0.98600
0.98600
0.98600
0.98600
0.98600
0.98600
0.98700
0.98600
0.98700
0.98700
0.98700
0.98700
0.98700
0.98700
0.98700
0.98700
0.98700
0.98700
0.98700
0.98700
0.98700
0.98700
0.98700
0.98700
0.98700
0.98700
0.98700
0.98700
0.98700
0.98700
0.98700
0.98700
0.98700
0.98700
0.98700
0.98700
0.98700
0.98700
0.98700
0.98700
0.98700
0.98700
0.98700
0.98700
0.98700
0.98700
0.98700
0.98700
0.98700
0.98700
0.98700
0.98700
0.98700
0.98700
0.98700
0.98700
0.98700
0.98700
0.98700
0.98700
0.98700
0.98700
0.98700
0.98700
0.98700
0.98700
0.98700
0.98700
0.98700
0.98700
0.98800
0.98700
0.98800
0.98800
0.98800
0.98800
0.98800
0.98800
0.98800
0.98800
0.98800
0.98800
0.98800
0.98800
0.98800
0.98800
0.98800
0.98800
0.98800
0.98800
0.98800
0.98800
0.98800
