0.86700
0.89600
0.91900
0.93700
0.94300
0.95300
0.95600
0.96000
0.96200
0.96100
0.96400
0.96400
0.96600
0.96700
0.96900
0.97100
0.97200
0.97100
0.97200
0.97400
0.97300
0.97400
0.97400
0.97400
0.97300
0.97400
0.97500
0.97500
0.97500
0.97400
0.97500
0.97500
0.97600
0.97600
0.97600
0.97600
0.97700
0.97800
0.97800
0.97800
0.97900
0.97900
0.97900
0.97800
0.97900
0.97900
0.98000
0.98000
0.98000
0.98100
0.98000
0.98000
0.98000
0.97900
0.98000
0.98100
0.98100
0.98100
0.98100
0.98100
0.98200
0.98200
0.98200
0.98200
0.98200
0.98200
0.98300
0.98200
0.98400
0.98400
0.98400
0.98400
0.98400
0.98400
0.98300
0.98300
0.98300
0.98300
0.98300
0.98300
0.98300
0.98300
0.98300
0.98300
0.98300
0.98300
0.98300
0.98300
0.98300
0.98300
0.98300
0.98400
0.98400
0.98500
0.98500
0.98400
0.98500
0.98500
0.98400
0.98500
0.98500
0.98500
0.98400
0.98700
0.98500
0.98700
0.98700
0.98600
0.98700
0.98700
0.98700
0.98600
0.98700
0.98600
0.98600
0.98600
0.98600
0.98600
0.98600
0.98600
0.98600
0.98600
0.98600
0.98600
0.98600
0.98600
0.98600
0.98500
0.98500
0.98500
0.98400
0.98500
0.98500
0.98400
0.98400
0.98400
0.98400
0.98500
0.98400
0.98400
0.98400
0.98400
0.98400
0.98500
0.98400
0.98500
0.98400
0.98400
0.98600
0.98500
0.98500
0.98600
0.98500
0.98600
0.98600
0.98600
0.98600
0.98600
0.98600
0.98600
0.98700
0.98700
0.98700
0.98700
0.98700
0.98700
0.98700
0.98700
0.98700
0.98700
0.98700
0.98700
0.98700
0.98700
0.98700
0.98700
0.98800
0.98800
0.98700
0.98800
0.98800
0.98800
0.98800
0.98800
0.98800
0.98800
0.98800
0.98800
0.98800
0.98700
0.98800
0.98800
0.98800
0.98800
0.98800
0.98800
0.98700
0.98700
0.98700
0.98700
0.98700
0.98700
0.98700
0.98700
0.98700
0.98700
0.98700
0.98700
0.98700
0.98700
0.98700
0.98800
0.98800
0.98800
0.98800
0.98800
0.98800
0.98800
0.98800
0.98800
0.98800
0.98800
0.98800
0.98800
0.98800
0.98800
0.98800
0.98800
0.98800
0.98800
0.98800
0.98800
0.98800
0.98800
0.98800
0.98800
0.98800
0.98800
0.98800
0.98800
0.98800
0.98700
0.98700
0.98700
0.98700
0.98700
0.98700
0.98700
0.98700
0.98700
